55570000000 0.0 0.0 0.0 0.0 0.0 0.0 1.0
55770000000 0.0 0.0 0.0 0.0 0.0 0.0 1.0
55970000000 0.0 0.0 0.0 0.0 0.0 0.0 1.0
56170000000 0.0 0.0 0.0 0.0 0.0 0.0 1.0
56370000000 0.0 0.0 0.0 0.0 0.0 0.0 1.0
56570000000 0.0 0.0 0.0 0.0 0.0 0.0 1.0
56770000000 0.0 0.0 0.0 0.0 0.0 0.0 1.0
56970000000 0.0 0.0 0.0 0.0 0.0 0.0 1.0
57170000000 0.0 0.0 0.0 0.0 0.0 0.0 1.0
57370000000 0.0 0.0 0.0 0.0 0.0 0.0 1.0
57570000000 0.0 0.0 0.0 0.0 0.0 0.0 1.0
57770000000 0.0 0.0 0.0 0.0 0.0 0.0 1.0
57970000000 0.0 0.0 0.0 0.0 0.0 0.0 1.0
58170000000 0.0 0.0 0.0 0.0 0.0 0.0 1.0
58370000000 0.0 0.0 0.0 0.0 0.0 0.0 1.0
58570000000 0.0 0.0 0.0 0.0 0.0 0.0 1.0
58770000000 0.0 0.0 0.0 0.0 0.0 0.0 1.0
58970000000 0.0 0.0 0.0 0.0 0.0 0.0 1.0
59170000000 0.0 0.0 0.0 0.0 0.0 0.0 1.0
59370000000 0.0 0.0 0.0 0.0 0.0 0.0 1.0
59570000000 0.0 0.0 0.0 0.0 0.0 0.0 1.0
59770000000 0.0 0.0 0.0 0.0 0.0 0.0 1.0
59970000000 0.0 0.0 0.0 0.0 0.0 0.0 1.0
60170000000 0.0 0.0 0.0 0.0 0.0 0.0 1.0
60370000000 0.0 0.0 0.0 0.0 0.0 0.0 1.0
60570000000 0.0 0.0 0.0 0.0 0.0 0.0 1.0
60770000000 0.0 0.0 0.0 0.0 0.0 0.0 1.0
60970000000 0.0 0.0 0.0 0.0 0.0 0.0 1.0
61170000000 0.0 0.0 0.0 0.0 0.0 0.0 1.0
61370000000 0.0 0.0 0.0 0.0 0.0 0.0 1.0
61570000000 0.0 0.0 0.0 0.0 0.0 0.0 1.0
61770000000 0.0 0.0 0.0 0.0 0.0 0.0 1.0
61970000000 0.0 0.0 0.0 0.0 0.0 0.0 1.0
62170000000 0.0 0.0 0.0 0.0 0.0 0.0 1.0
62370000000 0.0 0.0 0.0 0.0 0.0 0.0 1.0
62570000000 0.0 0.0 0.0 0.0 0.0 0.0 1.0
62770000000 0.0 0.0 0.0 0.0 0.0 0.0 1.0
62970000000 0.0 0.0 0.0 0.0 0.0 0.0 1.0
63170000000 0.0 0.0 0.0 0.0 0.0 0.0 1.0
63370000000 0.0 0.0 0.0 0.0 0.0 0.0 1.0
63570000000 0.0 0.0 0.0 0.0 0.0 0.0 1.0
63770000000 0.0 0.0 0.0 0.0 0.0 0.0 1.0
63970000000 0.0 0.0 0.0 0.0 0.0 0.0 1.0
64170000000 0.0 0.0 0.0 0.0 0.0 0.0 1.0
64370000000 0.0 0.0 0.0 0.0 0.0 0.0 1.0
64570000000 0.0 0.0 0.0 0.0 0.0 0.0 1.0
64770000000 0.0 0.0 0.0 0.0 0.0 0.0 1.0
64970000000 0.0 0.0 0.0 0.0 0.0 0.0 1.0
65170000000 0.0 0.0 0.0 0.0 0.0 0.0 1.0
65370000000 0.0 0.0 0.0 0.0 0.0 0.0 1.0
65570000000 0.0 0.0 0.0 0.0 0.0 0.0 1.0
65770000000 0.0 0.0 0.0 0.0 0.0 0.0 1.0
65970000000 0.0 0.0 0.0 0.0 0.0 0.0 1.0
66170000000 0.0 0.0 0.0 0.0 0.0 0.0 1.0
66370000000 0.0 0.0 0.0 0.0 0.0 0.0 1.0
66570000000 0.0 0.0 0.0 0.0 0.0 0.0 1.0
66770000000 0.0 0.0 0.0 0.0 0.0 0.0 1.0
66970000000 0.0 0.0 0.0 0.0 0.0 0.0 1.0
67170000000 0.0 0.0 0.0 0.0 0.0 0.0 1.0
67370000000 0.0 0.0 0.0 0.0 0.0 0.0 1.0
67570000000 0.0 0.0 0.0 0.0 0.0 0.0 1.0
67770000000 0.0 0.0 0.0 0.0 0.0 0.0 1.0
67970000000 0.0 0.0 0.0 0.0 0.0 0.0 1.0
68170000000 0.0 0.0 0.0 0.0 0.0 0.0 1.0
68370000000 0.0 0.0 0.0 0.0 0.0 0.0 1.0
68570000000 0.0 0.0 0.0 0.0 0.0 0.0 1.0
68770000000 0.0 0.0 0.0 0.0 0.0 0.0 1.0
68970000000 0.0 0.0 0.0 0.0 0.0 0.0 1.0
69170000000 0.0 0.0 0.0 0.0 0.0 0.0 1.0
69370000000 0.0 0.0 0.0 0.0 0.0 0.0 1.0
69570000000 0.0 0.0 0.0 0.0 0.0 0.0 1.0
69770000000 0.0 0.0 0.0 0.0 0.0 0.0 1.0
69970000000 0.0 0.0 0.0 0.0 0.0 0.0 1.0
70170000000 0.0 0.0 0.0 0.0 0.0 0.0 1.0
70370000000 0.0 0.0 0.0 0.0 0.0 0.0 1.0
70570000000 0.0 0.0 0.0 0.0 0.0 0.0 1.0
70770000000 0.0 0.0 0.0 0.0 0.0 0.0 1.0
70970000000 0.0 0.0 0.0 0.0 0.0 0.0 1.0
71170000000 0.0 0.0 0.0 0.0 0.0 0.0 1.0
71370000000 0.0 0.0 0.0 0.0 0.0 0.0 1.0
71570000000 0.0 0.0 0.0 0.0 0.0 0.0 1.0
71770000000 0.0 0.0 0.0 0.0 0.0 0.0 1.0
71970000000 0.0 0.0 0.0 0.0 0.0 0.0 1.0
72170000000 0.0 0.0 0.0 0.0 0.0 0.0 1.0
72370000000 0.0 0.0 0.0 0.0 0.0 0.0 1.0
72570000000 0.0 0.0 0.0 0.0 0.0 0.0 1.0
72770000000 0.0 0.0 0.0 0.0 0.0 0.0 1.0
72970000000 0.0 0.0 0.0 0.0 0.0 0.0 1.0
73170000000 0.0 0.0 0.0 0.0 0.0 0.0 1.0
73370000000 0.0 0.0 0.0 0.0 0.0 0.0 1.0
73570000000 0.0 0.0 0.0 0.0 0.0 0.0 1.0
73770000000 0.0 0.0 0.0 0.0 0.0 0.0 1.0
73970000000 0.0 0.0 0.0 0.0 0.0 0.0 1.0
74170000000 0.0 0.0 0.0 0.0 0.0 0.0 1.0
74370000000 0.0 0.0 0.0 0.0 0.0 0.0 1.0
74570000000 0.0 0.0 0.0 0.0 0.0 0.0 1.0
74770000000 0.0 0.0 0.0 0.0 0.0 0.0 1.0
74970000000 0.0 0.0 0.0 0.0 0.0 0.0 1.0
75170000000 0.0 0.0 0.0 0.0 0.0 0.0 1.0
75370000000 0.0 0.0 0.0 0.0 0.0 0.0 1.0
75570000000 0.0 0.0 0.0 0.0 0.0 0.0 1.0
75770000000 0.0 0.0 0.0 0.0 0.0 0.0 1.0
75970000000 0.0 0.0 0.0 0.0 0.0 0.0 1.0
76170000000 0.0 0.0 0.0 0.0 0.0 0.0 1.0
76370000000 0.0 0.0 0.0 0.0 0.0 0.0 1.0
76570000000 0.0 0.0 0.0 0.0 0.0 0.0 1.0
76770000000 0.0 0.0 0.0 0.0 0.0 0.0 1.0
76970000000 0.0 0.0 0.0 0.0 0.0 0.0 1.0
77170000000 0.0 0.0 0.0 0.0 0.0 0.0 1.0
77370000000 0.0 0.0 0.0 0.0 0.0 0.0 1.0
77570000000 0.0 0.0 0.0 0.0 0.0 0.0 1.0
77770000000 0.0 0.0 0.0 0.0 0.0 0.0 1.0
77970000000 0.0 0.0 0.0 0.0 0.0 0.0 1.0
78170000000 0.0 0.0 0.0 0.0 0.0 0.0 1.0
78370000000 0.0 0.0 0.0 0.0 0.0 0.0 1.0
78570000000 0.0 0.0 0.0 0.0 0.0 0.0 1.0
78770000000 0.0 0.0 0.0 0.0 0.0 0.0 1.0
78970000000 0.0 0.0 0.0 0.0 0.0 0.0 1.0
79170000000 0.0 0.0 0.0 0.0 0.0 0.0 1.0
79370000000 0.0 0.0 0.0 0.0 0.0 0.0 1.0
79570000000 0.0 0.0 0.0 0.0 0.0 0.0 1.0
79770000000 0.0 0.0 0.0 0.0 0.0 0.0 1.0
79970000000 0.0 0.0 0.0 0.0 0.0 0.0 1.0
80170000000 0.0 0.0 0.0 0.0 0.0 0.0 1.0
80370000000 0.0 0.0 0.0 0.0 0.0 0.0 1.0
80570000000 0.0 0.0 0.0 0.0 0.0 0.0 1.0
80770000000 0.0 0.0 0.0 0.0 0.0 0.0 1.0
80970000000 0.0 0.0 0.0 0.0 0.0 0.0 1.0
81170000000 0.0 0.0 0.0 0.0 0.0 0.0 1.0
81370000000 0.0 0.0 0.0 0.0 0.0 0.0 1.0
81570000000 0.0 0.0 0.0 0.0 0.0 0.0 1.0
81770000000 0.0 0.0 0.0 0.0 0.0 0.0 1.0
81970000000 0.0 0.0 0.0 0.0 0.0 0.0 1.0
82170000000 0.0 0.0 0.0 0.0 0.0 0.0 1.0
82370000000 0.0 0.0 0.0 0.0 0.0 0.0 1.0
82570000000 0.0 0.0 0.0 0.0 0.0 0.0 1.0
82770000000 0.0 0.0 0.0 0.0 0.0 0.0 1.0
82970000000 0.0 0.0 0.0 0.0 0.0 0.0 1.0
83170000000 0.0 0.0 0.0 0.0 0.0 0.0 1.0
83370000000 0.0 0.0 0.0 0.0 0.0 0.0 1.0
83570000000 0.0 0.0 0.0 0.0 0.0 0.0 1.0
83770000000 0.0 0.0 0.0 0.0 0.0 0.0 1.0
83970000000 0.0 0.0 0.0 0.0 0.0 0.0 1.0
84170000000 0.0 0.0 0.0 0.0 0.0 0.0 1.0
84370000000 0.0 0.0 0.0 0.0 0.0 0.0 1.0
84570000000 0.0 0.0 0.0 0.0 0.0 0.0 1.0
84770000000 0.0 0.0 0.0 0.0 0.0 0.0 1.0
84970000000 0.0 0.0 0.0 0.0 0.0 0.0 1.0
85170000000 0.0 0.0 0.0 0.0 0.0 0.0 1.0
85370000000 0.0 0.0 0.0 0.0 0.0 0.0 1.0
85570000000 0.0 0.0 0.0 0.0 0.0 0.0 1.0
85770000000 0.0 0.0 0.0 0.0 0.0 0.0 1.0
85970000000 0.0 0.0 0.0 0.0 0.0 0.0 1.0
86170000000 0.0 0.0 0.0 0.0 0.0 0.0 1.0
86370000000 0.0 0.0 0.0 0.0 0.0 0.0 1.0
86570000000 0.0 0.0 0.0 0.0 0.0 0.0 1.0
86770000000 0.0 0.0 0.0 0.0 0.0 0.0 1.0
86970000000 0.0 0.0 0.0 0.0 0.0 0.0 1.0
87170000000 0.0 0.0 0.0 0.0 0.0 0.0 1.0
87370000000 0.0 0.0 0.0 0.0 0.0 0.0 1.0
87570000000 0.0 0.0 0.0 0.0 0.0 0.0 1.0
87770000000 0.0 0.0 0.0 0.0 0.0 0.0 1.0
87970000000 0.0 0.0 0.0 0.0 0.0 0.0 1.0
88170000000 0.0 0.0 0.0 0.0 0.0 0.0 1.0
88370000000 0.0 0.0 0.0 0.0 0.0 0.0 1.0
88570000000 0.0 0.0 0.0 0.0 0.0 0.0 1.0
88770000000 0.0 0.0 0.0 0.0 0.0 0.0 1.0
88970000000 0.0 0.0 0.0 0.0 0.0 0.0 1.0
89170000000 0.0 0.0 0.0 0.0 0.0 0.0 1.0
89370000000 0.0 0.0 0.0 0.0 0.0 0.0 1.0
89570000000 0.0 0.0 0.0 0.0 0.0 0.0 1.0
89770000000 0.0 0.0 0.0 0.0 0.0 0.0 1.0
89970000000 0.0 0.0 0.0 0.0 0.0 0.0 1.0
90170000000 0.0 0.0 0.0 0.0 0.0 0.0 1.0
90370000000 0.0 0.0 0.0 0.0 0.0 0.0 1.0
90570000000 0.0 0.0 0.0 0.0 0.0 0.0 1.0
90770000000 0.0 0.0 0.0 0.0 0.0 0.0 1.0
90970000000 0.0 0.0 0.0 0.0 0.0 0.0 1.0
91170000000 0.0 0.0 0.0 0.0 0.0 0.0 1.0
91370000000 0.0 0.0 0.0 0.0 0.0 0.0 1.0
91570000000 0.0 0.0 0.0 0.0 0.0 0.0 1.0
91770000000 0.0 0.0 0.0 0.0 0.0 0.0 1.0
91970000000 0.0 0.0 0.0 0.0 0.0 0.0 1.0
92170000000 0.0 0.0 0.0 0.0 0.0 0.0 1.0
92370000000 0.0 0.0 0.0 0.0 0.0 0.0 1.0
92570000000 0.0 0.0 0.0 0.0 0.0 0.0 1.0
92770000000 0.0 0.0 0.0 0.0 0.0 0.0 1.0
92970000000 0.0 0.0 0.0 0.0 0.0 0.0 1.0
93170000000 0.0 0.0 0.0 0.0 0.0 0.0 1.0
93370000000 0.0 0.0 0.0 0.0 0.0 0.0 1.0
93570000000 0.0 0.0 0.0 0.0 0.0 0.0 1.0
93770000000 0.0 0.0 0.0 0.0 0.0 0.0 1.0
93970000000 0.0 0.0 0.0 0.0 0.0 0.0 1.0
94170000000 0.0 0.0 0.0 0.0 0.0 0.0 1.0
94370000000 0.0 0.0 0.0 0.0 0.0 0.0 1.0
94570000000 0.0 0.0 0.0 0.0 0.0 0.0 1.0
94770000000 0.0 0.0 0.0 0.0 0.0 0.0 1.0
94970000000 0.0 0.0 0.0 0.0 0.0 0.0 1.0
95170000000 0.0 0.0 0.0 0.0 0.0 0.0 1.0
95370000000 0.0 0.0 0.0 0.0 0.0 0.0 1.0
95570000000 0.0 0.0 0.0 0.0 0.0 0.0 1.0
95770000000 0.0 0.0 0.0 0.0 0.0 0.0 1.0
95970000000 0.0 0.0 0.0 0.0 0.0 0.0 1.0
96170000000 0.0 0.0 0.0 0.0 0.0 0.0 1.0
96370000000 0.0 0.0 0.0 0.0 0.0 0.0 1.0
96570000000 0.0 0.0 0.0 0.0 0.0 0.0 1.0
96770000000 0.0 0.0 0.0 0.0 0.0 0.0 1.0
96970000000 0.0 0.0 0.0 0.0 0.0 0.0 1.0
97170000000 0.0 0.0 0.0 0.0 0.0 0.0 1.0
97370000000 0.0 0.0 0.0 0.0 0.0 0.0 1.0
97570000000 0.0 0.0 0.0 0.0 0.0 0.0 1.0
97770000000 0.0 0.0 0.0 0.0 0.0 0.0 1.0
97970000000 0.0 0.0 0.0 0.0 0.0 0.0 1.0
98170000000 0.0 0.0 0.0 0.0 0.0 0.0 1.0
98370000000 0.0 0.0 0.0 0.0 0.0 0.0 1.0
98570000000 0.0 0.0 0.0 0.0 0.0 0.0 1.0
98770000000 0.0 0.0 0.0 0.0 0.0 0.0 1.0
98970000000 0.0 0.0 0.0 0.0 0.0 0.0 1.0
99170000000 0.0 0.0 0.0 0.0 0.0 0.0 1.0
99370000000 0.0 0.0 0.0 0.0 0.0 0.0 1.0
99570000000 0.0 0.0 0.0 0.0 0.0 0.0 1.0
99770000000 0.0 0.0 0.0 0.0 0.0 0.0 1.0
99970000000 0.0 0.0 0.0 0.0 0.0 0.0 1.0
100170000000 0.0 0.0 0.0 0.0 0.0 0.0 1.0
100370000000 0.0 0.0 0.0 0.0 0.0 0.0 1.0
100570000000 0.0 0.0 0.0 0.0 0.0 0.0 1.0
100770000000 0.0 0.0 0.0 0.0 0.0 0.0 1.0
100970000000 0.0 0.0 0.0 0.0 0.0 0.0 1.0
101170000000 0.0 0.0 0.0 0.0 0.0 0.0 1.0
101370000000 0.0 0.0 0.0 0.0 0.0 0.0 1.0
101570000000 0.0 0.0 0.0 0.0 0.0 0.0 1.0
101770000000 0.0 0.0 0.0 0.0 0.0 0.0 1.0
101970000000 0.0 0.0 0.0 0.0 0.0 0.0 1.0
102170000000 0.0 0.0 0.0 0.0 0.0 0.0 1.0
102370000000 0.0 0.0 0.0 0.0 0.0 0.0 1.0
102570000000 0.0 0.0 0.0 0.0 0.0 0.0 1.0
102770000000 0.0 0.0 0.0 0.0 0.0 0.0 1.0
102970000000 0.0 0.0 0.0 0.0 0.0 0.0 1.0
103170000000 0.0 0.0 0.0 0.0 0.0 0.0 1.0
103370000000 0.0 0.0 0.0 0.0 0.0 0.0 1.0
103570000000 0.0 0.0 0.0 0.0 0.0 0.0 1.0
103770000000 0.0 0.0 0.0 0.0 0.0 0.0 1.0
103970000000 0.0 0.0 0.0 0.0 0.0 0.0 1.0
104170000000 0.0 0.0 0.0 0.0 0.0 0.0 1.0
104370000000 0.0 0.0 0.0 0.0 0.0 0.0 1.0
104570000000 0.0 0.0 0.0 0.0 0.0 0.0 1.0
104770000000 0.0 0.0 0.0 0.0 0.0 0.0 1.0
104970000000 0.0 0.0 0.0 0.0 0.0 0.0 1.0
105170000000 0.0 0.0 0.0 0.0 0.0 0.0 1.0
105370000000 0.0 0.0 0.0 0.0 0.0 0.0 1.0
105570000000 0.0 0.0 0.0 0.0 0.0 0.0 1.0
105770000000 0.0 0.0 0.0 0.0 0.0 0.0 1.0
105970000000 0.0 0.0 0.0 0.0 0.0 0.0 1.0
106170000000 0.0 0.0 0.0 0.0 0.0 0.0 1.0
106370000000 0.0 0.0 0.0 0.0 0.0 0.0 1.0
106570000000 0.0 0.0 0.0 0.0 0.0 0.0 1.0
106770000000 0.0 0.0 0.0 0.0 0.0 0.0 1.0
106970000000 0.0 0.0 0.0 0.0 0.0 0.0 1.0
107170000000 0.0 0.0 0.0 0.0 0.0 0.0 1.0
107370000000 0.0 0.0 0.0 0.0 0.0 0.0 1.0
107570000000 0.0 0.0 0.0 0.0 0.0 0.0 1.0
107770000000 0.0 0.0 0.0 0.0 0.0 0.0 1.0
107970000000 0.0 0.0 0.0 0.0 0.0 0.0 1.0
108170000000 0.0 0.0 0.0 0.0 0.0 0.0 1.0
108370000000 0.0 0.0 0.0 0.0 0.0 0.0 1.0
108570000000 0.0 0.0 0.0 0.0 0.0 0.0 1.0
108770000000 0.0 0.0 0.0 0.0 0.0 0.0 1.0
108970000000 0.0 0.0 0.0 0.0 0.0 0.0 1.0
109170000000 0.0 0.0 0.0 0.0 0.0 0.0 1.0
109370000000 0.0 0.0 0.0 0.0 0.0 0.0 1.0
109570000000 0.0 0.0 0.0 0.0 0.0 0.0 1.0
109770000000 0.0 0.0 0.0 0.0 0.0 0.0 1.0
109970000000 0.0 0.0 0.0 0.0 0.0 0.0 1.0
110170000000 0.0 0.0 0.0 0.0 0.0 0.0 1.0
110370000000 0.0 0.0 0.0 0.0 0.0 0.0 1.0
110570000000 0.0 0.0 0.0 0.0 0.0 0.0 1.0
110770000000 0.0 0.0 0.0 0.0 0.0 0.0 1.0
110970000000 0.0 0.0 0.0 0.0 0.0 0.0 1.0
111170000000 0.0 0.0 0.0 0.0 0.0 0.0 1.0
111370000000 0.0 0.0 0.0 0.0 0.0 0.0 1.0
111570000000 0.0 0.0 0.0 0.0 0.0 0.0 1.0
111770000000 0.0 0.0 0.0 0.0 0.0 0.0 1.0
111970000000 0.0 0.0 0.0 0.0 0.0 0.0 1.0
112170000000 0.0 0.0 0.0 0.0 0.0 0.0 1.0
112370000000 0.0 0.0 0.0 0.0 0.0 0.0 1.0
112570000000 0.0 0.0 0.0 0.0 0.0 0.0 1.0
112770000000 0.0 0.0 0.0 0.0 0.0 0.0 1.0
112970000000 0.0 0.0 0.0 0.0 0.0 0.0 1.0
113170000000 0.0 0.0 0.0 0.0 0.0 0.0 1.0
113370000000 0.0 0.0 0.0 0.0 0.0 0.0 1.0
113570000000 0.0 0.0 0.0 0.0 0.0 0.0 1.0
113770000000 0.0 0.0 0.0 0.0 0.0 0.0 1.0
113970000000 0.0 0.0 0.0 0.0 0.0 0.0 1.0
114170000000 0.0 0.0 0.0 0.0 0.0 0.0 1.0
114370000000 0.0 0.0 0.0 0.0 0.0 0.0 1.0
114570000000 0.0 0.0 0.0 0.0 0.0 0.0 1.0
114770000000 0.0 0.0 0.0 0.0 0.0 0.0 1.0
114970000000 0.0 0.0 0.0 0.0 0.0 0.0 1.0
115170000000 0.0 0.0 0.0 0.0 0.0 0.0 1.0
115370000000 0.0 0.0 0.0 0.0 0.0 0.0 1.0
115570000000 0.0 0.0 0.0 0.0 0.0 0.0 1.0
115770000000 0.0 0.0 0.0 0.0 0.0 0.0 1.0
115970000000 0.0 0.0 0.0 0.0 0.0 0.0 1.0
116170000000 0.0 0.0 0.0 0.0 0.0 0.0 1.0
116370000000 0.0 0.0 0.0 0.0 0.0 0.0 1.0
116570000000 0.0 0.0 0.0 0.0 0.0 0.0 1.0
116770000000 0.0 0.0 0.0 0.0 0.0 0.0 1.0
116970000000 0.0 0.0 0.0 0.0 0.0 0.0 1.0
117170000000 0.0 0.0 0.0 0.0 0.0 0.0 1.0
117370000000 0.0 0.0 0.0 0.0 0.0 0.0 1.0
117570000000 0.0 0.0 0.0 0.0 0.0 0.0 1.0
117770000000 0.0 0.0 0.0 0.0 0.0 0.0 1.0
117970000000 0.0 0.0 0.0 0.0 0.0 0.0 1.0
118170000000 0.0 0.0 0.0 0.0 0.0 0.0 1.0
118370000000 0.0 0.0 0.0 0.0 0.0 0.0 1.0
118570000000 0.0 0.0 0.0 0.0 0.0 0.0 1.0
118770000000 0.0 0.0 0.0 0.0 0.0 0.0 1.0
118970000000 0.0 0.0 0.0 0.0 0.0 0.0 1.0
119170000000 0.0 0.0 0.0 0.0 0.0 0.0 1.0
119370000000 0.0 0.0 0.0 0.0 0.0 0.0 1.0
119570000000 0.0 0.0 0.0 0.0 0.0 0.0 1.0
119770000000 0.0 0.0 0.0 0.0 0.0 0.0 1.0
119970000000 0.0 0.0 0.0 0.0 0.0 0.0 1.0
120170000000 0.0 0.0 0.0 0.0 0.0 0.0 1.0
120370000000 0.0 0.0 0.0 0.0 0.0 0.0 1.0
120570000000 0.0 0.0 0.0 0.0 0.0 0.0 1.0
120770000000 0.0 0.0 0.0 0.0 0.0 0.0 1.0
120970000000 0.0 0.0 0.0 0.0 0.0 0.0 1.0
121170000000 0.0 0.0 0.0 0.0 0.0 0.0 1.0
121370000000 0.0 0.0 0.0 0.0 0.0 0.0 1.0
121570000000 0.0 0.0 0.0 0.0 0.0 0.0 1.0
121770000000 0.0 0.0 0.0 0.0 0.0 0.0 1.0
121970000000 0.0 0.0 0.0 0.0 0.0 0.0 1.0
122170000000 0.0 0.0 0.0 0.0 0.0 0.0 1.0
122370000000 0.0 0.0 0.0 0.0 0.0 0.0 1.0
122570000000 0.0 0.0 0.0 0.0 0.0 0.0 1.0
122770000000 0.0 0.0 0.0 0.0 0.0 0.0 1.0
122970000000 0.0 0.0 0.0 0.0 0.0 0.0 1.0
123170000000 0.0 0.0 0.0 0.0 0.0 0.0 1.0
123370000000 0.0 0.0 0.0 0.0 0.0 0.0 1.0
123570000000 0.0 0.0 0.0 0.0 0.0 0.0 1.0
123770000000 0.0 0.0 0.0 0.0 0.0 0.0 1.0
123970000000 0.0 0.0 0.0 0.0 0.0 0.0 1.0
124170000000 0.0 0.0 0.0 0.0 0.0 0.0 1.0
124370000000 0.0 0.0 0.0 0.0 0.0 0.0 1.0
124570000000 0.0 0.0 0.0 0.0 0.0 0.0 1.0
124770000000 0.0 0.0 0.0 0.0 0.0 0.0 1.0
124970000000 0.0 0.0 0.0 0.0 0.0 0.0 1.0
125170000000 0.0 0.0 0.0 0.0 0.0 0.0 1.0
125370000000 0.0 0.0 0.0 0.0 0.0 0.0 1.0
125570000000 0.0 0.0 0.0 0.0 0.0 0.0 1.0
125770000000 0.0 0.0 0.0 0.0 0.0 0.0 1.0
125970000000 0.0 0.0 0.0 0.0 0.0 0.0 1.0
126170000000 0.0 0.0 0.0 0.0 0.0 0.0 1.0
126370000000 0.0 0.0 0.0 0.0 0.0 0.0 1.0
126570000000 0.0 0.0 0.0 0.0 0.0 0.0 1.0
126770000000 0.0 0.0 0.0 0.0 0.0 0.0 1.0
126970000000 0.0 0.0 0.0 0.0 0.0 0.0 1.0
127170000000 0.0 0.0 0.0 0.0 0.0 0.0 1.0
127370000000 0.0 0.0 0.0 0.0 0.0 0.0 1.0
127570000000 0.0 0.0 0.0 0.0 0.0 0.0 1.0
127770000000 0.0 0.0 0.0 0.0 0.0 0.0 1.0
127970000000 0.0 0.0 0.0 0.0 0.0 0.0 1.0
128170000000 0.0 0.0 0.0 0.0 0.0 0.0 1.0
128370000000 0.0 0.0 0.0 0.0 0.0 0.0 1.0
128570000000 0.0 0.0 0.0 0.0 0.0 0.0 1.0
128770000000 0.0 0.0 0.0 0.0 0.0 0.0 1.0
128970000000 0.0 0.0 0.0 0.0 0.0 0.0 1.0
129170000000 0.0 0.0 0.0 0.0 0.0 0.0 1.0
129370000000 0.0 0.0 0.0 0.0 0.0 0.0 1.0
129570000000 0.0 0.0 0.0 0.0 0.0 0.0 1.0
129770000000 0.0 0.0 0.0 0.0 0.0 0.0 1.0
129970000000 0.0 0.0 0.0 0.0 0.0 0.0 1.0
130170000000 0.0 0.0 0.0 0.0 0.0 0.0 1.0
130370000000 0.0 0.0 0.0 0.0 0.0 0.0 1.0
130570000000 0.0 0.0 0.0 0.0 0.0 0.0 1.0
130770000000 0.0 0.0 0.0 0.0 0.0 0.0 1.0
130970000000 0.0 0.0 0.0 0.0 0.0 0.0 1.0
131170000000 0.0 0.0 0.0 0.0 0.0 0.0 1.0
131370000000 0.0 0.0 0.0 0.0 0.0 0.0 1.0
131570000000 0.0 0.0 0.0 0.0 0.0 0.0 1.0
131770000000 0.0 0.0 0.0 0.0 0.0 0.0 1.0
131970000000 0.0 0.0 0.0 0.0 0.0 0.0 1.0
132170000000 0.0 0.0 0.0 0.0 0.0 0.0 1.0
132370000000 0.0 0.0 0.0 0.0 0.0 0.0 1.0
132570000000 0.0 0.0 0.0 0.0 0.0 0.0 1.0
132770000000 0.0 0.0 0.0 0.0 0.0 0.0 1.0
132970000000 0.0 0.0 0.0 0.0 0.0 0.0 1.0
133170000000 0.0 0.0 0.0 0.0 0.0 0.0 1.0
133370000000 0.0 0.0 0.0 0.0 0.0 0.0 1.0
133570000000 0.0 0.0 0.0 0.0 0.0 0.0 1.0
133770000000 0.0 0.0 0.0 0.0 0.0 0.0 1.0
133970000000 0.0 0.0 0.0 0.0 0.0 0.0 1.0
134170000000 0.0 0.0 0.0 0.0 0.0 0.0 1.0
134370000000 0.0 0.0 0.0 0.0 0.0 0.0 1.0
134570000000 0.0 0.0 0.0 0.0 0.0 0.0 1.0
134770000000 0.0 0.0 0.0 0.0 0.0 0.0 1.0
134970000000 0.0 0.0 0.0 0.0 0.0 0.0 1.0
135170000000 0.0 0.0 0.0 0.0 0.0 0.0 1.0
135370000000 0.0 0.0 0.0 0.0 0.0 0.0 1.0
135570000000 0.0 0.0 0.0 0.0 0.0 0.0 1.0
135770000000 0.0 0.0 0.0 0.0 0.0 0.0 1.0
135970000000 0.0 0.0 0.0 0.0 0.0 0.0 1.0
136170000000 0.0 0.0 0.0 0.0 0.0 0.0 1.0
136370000000 0.0 0.0 0.0 0.0 0.0 0.0 1.0
136570000000 0.0 0.0 0.0 0.0 0.0 0.0 1.0
136770000000 0.0 0.0 0.0 0.0 0.0 0.0 1.0
136970000000 0.0 0.0 0.0 0.0 0.0 0.0 1.0
137170000000 0.0 0.0 0.0 0.0 0.0 0.0 1.0
137370000000 0.0 0.0 0.0 0.0 0.0 0.0 1.0
137570000000 0.0 0.0 0.0 0.0 0.0 0.0 1.0
137770000000 0.0 0.0 0.0 0.0 0.0 0.0 1.0
137970000000 0.0 0.0 0.0 0.0 0.0 0.0 1.0
138170000000 0.0 0.0 0.0 0.0 0.0 0.0 1.0
138370000000 0.0 0.0 0.0 0.0 0.0 0.0 1.0
138570000000 0.0 0.0 0.0 0.0 0.0 0.0 1.0
138770000000 0.0 0.0 0.0 0.0 0.0 0.0 1.0
138970000000 0.0 0.0 0.0 0.0 0.0 0.0 1.0
139170000000 0.0 0.0 0.0 0.0 0.0 0.0 1.0
139370000000 0.0 0.0 0.0 0.0 0.0 0.0 1.0
139570000000 0.0 0.0 0.0 0.0 0.0 0.0 1.0
139770000000 0.0 0.0 0.0 0.0 0.0 0.0 1.0
139970000000 0.0 0.0 0.0 0.0 0.0 0.0 1.0
140170000000 0.0 0.0 0.0 0.0 0.0 0.0 1.0
140370000000 0.0 0.0 0.0 0.0 0.0 0.0 1.0
140570000000 0.0 0.0 0.0 0.0 0.0 0.0 1.0
140770000000 0.0 0.0 0.0 0.0 0.0 0.0 1.0
140970000000 0.0 0.0 0.0 0.0 0.0 0.0 1.0
141170000000 0.0 0.0 0.0 0.0 0.0 0.0 1.0
141370000000 0.0 0.0 0.0 0.0 0.0 0.0 1.0
141570000000 0.0 0.0 0.0 0.0 0.0 0.0 1.0
141770000000 0.0 0.0 0.0 0.0 0.0 0.0 1.0
141970000000 0.0 0.0 0.0 0.0 0.0 0.0 1.0
142170000000 0.0 0.0 0.0 0.0 0.0 0.0 1.0
142370000000 0.0 0.0 0.0 0.0 0.0 0.0 1.0
142570000000 0.0 0.0 0.0 0.0 0.0 0.0 1.0
142770000000 0.0 0.0 0.0 0.0 0.0 0.0 1.0
142970000000 0.0 0.0 0.0 0.0 0.0 0.0 1.0
143170000000 0.0 0.0 0.0 0.0 0.0 0.0 1.0
143370000000 0.0 0.0 0.0 0.0 0.0 0.0 1.0
143570000000 0.0 0.0 0.0 0.0 0.0 0.0 1.0
143770000000 0.0 0.0 0.0 0.0 0.0 0.0 1.0
143970000000 0.0 0.0 0.0 0.0 0.0 0.0 1.0
144170000000 0.0 0.0 0.0 0.0 0.0 0.0 1.0
144370000000 0.0 0.0 0.0 0.0 0.0 0.0 1.0
144570000000 0.0 0.0 0.0 0.0 0.0 0.0 1.0
144770000000 0.0 0.0 0.0 0.0 0.0 0.0 1.0
144970000000 0.0 0.0 0.0 0.0 0.0 0.0 1.0
145170000000 0.0 0.0 0.0 0.0 0.0 0.0 1.0
145370000000 0.0 0.0 0.0 0.0 0.0 0.0 1.0
145570000000 0.0 0.0 0.0 0.0 0.0 0.0 1.0
145770000000 0.0 0.0 0.0 0.0 0.0 0.0 1.0
145970000000 0.0 0.0 0.0 0.0 0.0 0.0 1.0
146170000000 0.0 0.0 0.0 0.0 0.0 0.0 1.0
146370000000 0.0 0.0 0.0 0.0 0.0 0.0 1.0
146570000000 0.0 0.0 0.0 0.0 0.0 0.0 1.0
146770000000 0.0 0.0 0.0 0.0 0.0 0.0 1.0
146970000000 0.0 0.0 0.0 0.0 0.0 0.0 1.0
147170000000 0.0 0.0 0.0 0.0 0.0 0.0 1.0
147370000000 0.0 0.0 0.0 0.0 0.0 0.0 1.0
147570000000 0.0 0.0 0.0 0.0 0.0 0.0 1.0
147770000000 0.0 0.0 0.0 0.0 0.0 0.0 1.0
147970000000 0.0 0.0 0.0 0.0 0.0 0.0 1.0
148170000000 0.0 0.0 0.0 0.0 0.0 0.0 1.0
148370000000 0.0 0.0 0.0 0.0 0.0 0.0 1.0
148570000000 0.0 0.0 0.0 0.0 0.0 0.0 1.0
148770000000 0.0 0.0 0.0 0.0 0.0 0.0 1.0
148970000000 0.0 0.0 0.0 0.0 0.0 0.0 1.0
149170000000 0.0 0.0 0.0 0.0 0.0 0.0 1.0
149370000000 0.0 0.0 0.0 0.0 0.0 0.0 1.0
149570000000 0.0 0.0 0.0 0.0 0.0 0.0 1.0
149770000000 0.0 0.0 0.0 0.0 0.0 0.0 1.0
149970000000 0.0 0.0 0.0 0.0 0.0 0.0 1.0
150170000000 0.0 0.0 0.0 0.0 0.0 0.0 1.0
150370000000 0.0 0.0 0.0 0.0 0.0 0.0 1.0
150570000000 0.0 0.0 0.0 0.0 0.0 0.0 1.0
150770000000 0.0 0.0 0.0 0.0 0.0 0.0 1.0
150970000000 0.0 0.0 0.0 0.0 0.0 0.0 1.0
151170000000 0.0 0.0 0.0 0.0 0.0 0.0 1.0
151370000000 0.0 0.0 0.0 0.0 0.0 0.0 1.0
151570000000 0.0 0.0 0.0 0.0 0.0 0.0 1.0
151770000000 0.0 0.0 0.0 0.0 0.0 0.0 1.0
151970000000 0.0 0.0 0.0 0.0 0.0 0.0 1.0
152170000000 0.0 0.0 0.0 0.0 0.0 0.0 1.0
152370000000 0.0 0.0 0.0 0.0 0.0 0.0 1.0
152570000000 0.0 0.0 0.0 0.0 0.0 0.0 1.0
152770000000 0.0 0.0 0.0 0.0 0.0 0.0 1.0
152970000000 0.0 0.0 0.0 0.0 0.0 0.0 1.0
153170000000 0.0 0.0 0.0 0.0 0.0 0.0 1.0
153370000000 0.0 0.0 0.0 0.0 0.0 0.0 1.0
153570000000 0.0 0.0 0.0 0.0 0.0 0.0 1.0
153770000000 0.0 0.0 0.0 0.0 0.0 0.0 1.0
153970000000 0.0 0.0 0.0 0.0 0.0 0.0 1.0
154170000000 0.0 0.0 0.0 0.0 0.0 0.0 1.0
154370000000 0.0 0.0 0.0 0.0 0.0 0.0 1.0
154570000000 0.0 0.0 0.0 0.0 0.0 0.0 1.0
154770000000 0.0 0.0 0.0 0.0 0.0 0.0 1.0
154970000000 0.0 0.0 0.0 0.0 0.0 0.0 1.0
155170000000 0.0 0.0 0.0 0.0 0.0 0.0 1.0
155370000000 0.0 0.0 0.0 0.0 0.0 0.0 1.0
155570000000 0.0 0.0 0.0 0.0 0.0 0.0 1.0
155770000000 0.0 0.0 0.0 0.0 0.0 0.0 1.0
155970000000 0.0 0.0 0.0 0.0 0.0 0.0 1.0
156170000000 0.0 0.0 0.0 0.0 0.0 0.0 1.0
156370000000 0.0 0.0 0.0 0.0 0.0 0.0 1.0
156570000000 0.0 0.0 0.0 0.0 0.0 0.0 1.0
156770000000 0.0 0.0 0.0 0.0 0.0 0.0 1.0
156970000000 0.0 0.0 0.0 0.0 0.0 0.0 1.0
157170000000 0.0 0.0 0.0 0.0 0.0 0.0 1.0
157370000000 0.0 0.0 0.0 0.0 0.0 0.0 1.0
157570000000 0.0 0.0 0.0 0.0 0.0 0.0 1.0
157770000000 0.0 0.0 0.0 0.0 0.0 0.0 1.0
157970000000 0.0 0.0 0.0 0.0 0.0 0.0 1.0
158170000000 0.0 0.0 0.0 0.0 0.0 0.0 1.0
158370000000 0.0 0.0 0.0 0.0 0.0 0.0 1.0
158570000000 0.0 0.0 0.0 0.0 0.0 0.0 1.0
158770000000 0.0 0.0 0.0 0.0 0.0 0.0 1.0
158970000000 0.0 0.0 0.0 0.0 0.0 0.0 1.0
159170000000 0.0 0.0 0.0 0.0 0.0 0.0 1.0
159370000000 0.0 0.0 0.0 0.0 0.0 0.0 1.0
159570000000 0.0 0.0 0.0 0.0 0.0 0.0 1.0
159770000000 0.0 0.0 0.0 0.0 0.0 0.0 1.0
159970000000 0.0 0.0 0.0 0.0 0.0 0.0 1.0
160170000000 0.0 0.0 0.0 0.0 0.0 0.0 1.0
160370000000 0.0 0.0 0.0 0.0 0.0 0.0 1.0
160570000000 0.0 0.0 0.0 0.0 0.0 0.0 1.0
160770000000 0.0 0.0 0.0 0.0 0.0 0.0 1.0
160970000000 0.0 0.0 0.0 0.0 0.0 0.0 1.0
161170000000 0.0 0.0 0.0 0.0 0.0 0.0 1.0
161370000000 0.0 0.0 0.0 0.0 0.0 0.0 1.0
161570000000 0.0 0.0 0.0 0.0 0.0 0.0 1.0
161770000000 0.0 0.0 0.0 0.0 0.0 0.0 1.0
161970000000 0.0 0.0 0.0 0.0 0.0 0.0 1.0
162170000000 0.0 0.0 0.0 0.0 0.0 0.0 1.0
162370000000 0.0 0.0 0.0 0.0 0.0 0.0 1.0
162570000000 0.0 0.0 0.0 0.0 0.0 0.0 1.0
162770000000 0.0 0.0 0.0 0.0 0.0 0.0 1.0
162970000000 0.0 0.0 0.0 0.0 0.0 0.0 1.0
163170000000 0.0 0.0 0.0 0.0 0.0 0.0 1.0
163370000000 0.0 0.0 0.0 0.0 0.0 0.0 1.0
163570000000 0.0 0.0 0.0 0.0 0.0 0.0 1.0
163770000000 0.0 0.0 0.0 0.0 0.0 0.0 1.0
163970000000 0.0 0.0 0.0 0.0 0.0 0.0 1.0
164170000000 0.0 0.0 0.0 0.0 0.0 0.0 1.0
164370000000 0.0 0.0 0.0 0.0 0.0 0.0 1.0
164570000000 0.0 0.0 0.0 0.0 0.0 0.0 1.0
164770000000 0.0 0.0 0.0 0.0 0.0 0.0 1.0
164970000000 0.0 0.0 0.0 0.0 0.0 0.0 1.0
165170000000 0.0 0.0 0.0 0.0 0.0 0.0 1.0
165370000000 0.0 0.0 0.0 0.0 0.0 0.0 1.0
165570000000 0.0 0.0 0.0 0.0 0.0 0.0 1.0
165770000000 0.0 0.0 0.0 0.0 0.0 0.0 1.0
165970000000 0.0 0.0 0.0 0.0 0.0 0.0 1.0
166170000000 0.0 0.0 0.0 0.0 0.0 0.0 1.0
166370000000 0.0 0.0 0.0 0.0 0.0 0.0 1.0
166570000000 0.0 0.0 0.0 0.0 0.0 0.0 1.0
166770000000 0.0 0.0 0.0 0.0 0.0 0.0 1.0
166970000000 0.0 0.0 0.0 0.0 0.0 0.0 1.0
167170000000 0.0 0.0 0.0 0.0 0.0 0.0 1.0
167370000000 0.0 0.0 0.0 0.0 0.0 0.0 1.0
167570000000 0.0 0.0 0.0 0.0 0.0 0.0 1.0
167770000000 0.0 0.0 0.0 0.0 0.0 0.0 1.0
167970000000 0.0 0.0 0.0 0.0 0.0 0.0 1.0
168170000000 0.0 0.0 0.0 0.0 0.0 0.0 1.0
168370000000 0.0 0.0 0.0 0.0 0.0 0.0 1.0
168570000000 0.0 0.0 0.0 0.0 0.0 0.0 1.0
168770000000 0.0 0.0 0.0 0.0 0.0 0.0 1.0
168970000000 0.0 0.0 0.0 0.0 0.0 0.0 1.0
169170000000 0.0 0.0 0.0 0.0 0.0 0.0 1.0
169370000000 0.0 0.0 0.0 0.0 0.0 0.0 1.0
169570000000 0.0 0.0 0.0 0.0 0.0 0.0 1.0
169770000000 0.0 0.0 0.0 0.0 0.0 0.0 1.0
169970000000 0.0 0.0 0.0 0.0 0.0 0.0 1.0
170170000000 0.0 0.0 0.0 0.0 0.0 0.0 1.0
170370000000 0.0 0.0 0.0 0.0 0.0 0.0 1.0
170570000000 0.0 0.0 0.0 0.0 0.0 0.0 1.0
170770000000 0.0 0.0 0.0 0.0 0.0 0.0 1.0
170970000000 0.0 0.0 0.0 0.0 0.0 0.0 1.0
171170000000 0.0 0.0 0.0 0.0 0.0 0.0 1.0
171370000000 0.0 0.0 0.0 0.0 0.0 0.0 1.0
171570000000 0.0 0.0 0.0 0.0 0.0 0.0 1.0
171770000000 0.0 0.0 0.0 0.0 0.0 0.0 1.0
171970000000 0.0 0.0 0.0 0.0 0.0 0.0 1.0
172170000000 0.0 0.0 0.0 0.0 0.0 0.0 1.0
172370000000 0.0 0.0 0.0 0.0 0.0 0.0 1.0
172570000000 0.0 0.0 0.0 0.0 0.0 0.0 1.0
172770000000 0.0 0.0 0.0 0.0 0.0 0.0 1.0
172970000000 0.0 0.0 0.0 0.0 0.0 0.0 1.0
173170000000 0.0 0.0 0.0 0.0 0.0 0.0 1.0
173370000000 0.0 0.0 0.0 0.0 0.0 0.0 1.0
173570000000 0.0 0.0 0.0 0.0 0.0 0.0 1.0
173770000000 0.0 0.0 0.0 0.0 0.0 0.0 1.0
173970000000 0.0 0.0 0.0 0.0 0.0 0.0 1.0
174170000000 0.0 0.0 0.0 0.0 0.0 0.0 1.0
174370000000 0.0 0.0 0.0 0.0 0.0 0.0 1.0
174570000000 0.0 0.0 0.0 0.0 0.0 0.0 1.0
174770000000 0.0 0.0 0.0 0.0 0.0 0.0 1.0
174970000000 0.0 0.0 0.0 0.0 0.0 0.0 1.0
175170000000 0.0 0.0 0.0 0.0 0.0 0.0 1.0
175370000000 0.0 0.0 0.0 0.0 0.0 0.0 1.0
175570000000 0.0 0.0 0.0 0.0 0.0 0.0 1.0
175770000000 0.0 0.0 0.0 0.0 0.0 0.0 1.0
175970000000 0.0 0.0 0.0 0.0 0.0 0.0 1.0
176170000000 0.0 0.0 0.0 0.0 0.0 0.0 1.0
176370000000 0.0 0.0 0.0 0.0 0.0 0.0 1.0
176570000000 0.0 0.0 0.0 0.0 0.0 0.0 1.0
176770000000 0.0 0.0 0.0 0.0 0.0 0.0 1.0
176970000000 0.0 0.0 0.0 0.0 0.0 0.0 1.0
177170000000 0.0 0.0 0.0 0.0 0.0 0.0 1.0
177370000000 0.0 0.0 0.0 0.0 0.0 0.0 1.0
177570000000 0.0 0.0 0.0 0.0 0.0 0.0 1.0
177770000000 0.0 0.0 0.0 0.0 0.0 0.0 1.0
177970000000 0.0 0.0 0.0 0.0 0.0 0.0 1.0
178170000000 0.0 0.0 0.0 0.0 0.0 0.0 1.0
178370000000 0.0 0.0 0.0 0.0 0.0 0.0 1.0
178570000000 0.0 0.0 0.0 0.0 0.0 0.0 1.0
178770000000 0.0 0.0 0.0 0.0 0.0 0.0 1.0
178970000000 0.0 0.0 0.0 0.0 0.0 0.0 1.0
179170000000 0.0 0.0 0.0 0.0 0.0 0.0 1.0
179370000000 0.0 0.0 0.0 0.0 0.0 0.0 1.0
179570000000 0.0 0.0 0.0 0.0 0.0 0.0 1.0
179770000000 0.0 0.0 0.0 0.0 0.0 0.0 1.0
179970000000 0.0 0.0 0.0 0.0 0.0 0.0 1.0
180170000000 0.0 0.0 0.0 0.0 0.0 0.0 1.0
180370000000 0.0 0.0 0.0 0.0 0.0 0.0 1.0
180570000000 0.0 0.0 0.0 0.0 0.0 0.0 1.0
180770000000 0.0 0.0 0.0 0.0 0.0 0.0 1.0
180970000000 0.0 0.0 0.0 0.0 0.0 0.0 1.0
181170000000 0.0 0.0 0.0 0.0 0.0 0.0 1.0
181370000000 0.0 0.0 0.0 0.0 0.0 0.0 1.0
181570000000 0.0 0.0 0.0 0.0 0.0 0.0 1.0
181770000000 0.0 0.0 0.0 0.0 0.0 0.0 1.0
181970000000 0.0 0.0 0.0 0.0 0.0 0.0 1.0
182170000000 0.0 0.0 0.0 0.0 0.0 0.0 1.0
182370000000 0.0 0.0 0.0 0.0 0.0 0.0 1.0
182570000000 0.0 0.0 0.0 0.0 0.0 0.0 1.0
182770000000 0.0 0.0 0.0 0.0 0.0 0.0 1.0
182970000000 0.0 0.0 0.0 0.0 0.0 0.0 1.0
183170000000 0.0 0.0 0.0 0.0 0.0 0.0 1.0
183370000000 0.0 0.0 0.0 0.0 0.0 0.0 1.0
183570000000 0.0 0.0 0.0 0.0 0.0 0.0 1.0
183770000000 0.0 0.0 0.0 0.0 0.0 0.0 1.0
183970000000 0.0 0.0 0.0 0.0 0.0 0.0 1.0
184170000000 0.0 0.0 0.0 0.0 0.0 0.0 1.0
184370000000 0.0 0.0 0.0 0.0 0.0 0.0 1.0
184570000000 0.0 0.0 0.0 0.0 0.0 0.0 1.0
184770000000 0.0 0.0 0.0 0.0 0.0 0.0 1.0
184970000000 0.0 0.0 0.0 0.0 0.0 0.0 1.0
185170000000 0.0 0.0 0.0 0.0 0.0 0.0 1.0
185370000000 0.0 0.0 0.0 0.0 0.0 0.0 1.0
185570000000 0.0 0.0 0.0 0.0 0.0 0.0 1.0
185770000000 0.0 0.0 0.0 0.0 0.0 0.0 1.0
185970000000 0.0 0.0 0.0 0.0 0.0 0.0 1.0
186170000000 0.0 0.0 0.0 0.0 0.0 0.0 1.0
186370000000 0.0 0.0 0.0 0.0 0.0 0.0 1.0
186570000000 0.0 0.0 0.0 0.0 0.0 0.0 1.0
186770000000 0.0 0.0 0.0 0.0 0.0 0.0 1.0
186970000000 0.0 0.0 0.0 0.0 0.0 0.0 1.0
187170000000 0.0 0.0 0.0 0.0 0.0 0.0 1.0
187370000000 0.0 0.0 0.0 0.0 0.0 0.0 1.0
187570000000 0.0 0.0 0.0 0.0 0.0 0.0 1.0
187770000000 0.0 0.0 0.0 0.0 0.0 0.0 1.0
187970000000 0.0 0.0 0.0 0.0 0.0 0.0 1.0
188170000000 0.0 0.0 0.0 0.0 0.0 0.0 1.0
188370000000 0.0 0.0 0.0 0.0 0.0 0.0 1.0
188570000000 0.0 0.0 0.0 0.0 0.0 0.0 1.0
188770000000 0.0 0.0 0.0 0.0 0.0 0.0 1.0
188970000000 0.0 0.0 0.0 0.0 0.0 0.0 1.0
189170000000 0.0 0.0 0.0 0.0 0.0 0.0 1.0
189370000000 0.0 0.0 0.0 0.0 0.0 0.0 1.0
189570000000 0.0 0.0 0.0 0.0 0.0 0.0 1.0
189770000000 0.0 0.0 0.0 0.0 0.0 0.0 1.0
189970000000 0.0 0.0 0.0 0.0 0.0 0.0 1.0
190170000000 0.0 0.0 0.0 0.0 0.0 0.0 1.0
190370000000 0.0 0.0 0.0 0.0 0.0 0.0 1.0
190570000000 0.0 0.0 0.0 0.0 0.0 0.0 1.0
190770000000 0.0 0.0 0.0 0.0 0.0 0.0 1.0
190970000000 0.0 0.0 0.0 0.0 0.0 0.0 1.0
191170000000 0.0 0.0 0.0 0.0 0.0 0.0 1.0
191370000000 0.0 0.0 0.0 0.0 0.0 0.0 1.0
191570000000 0.0 0.0 0.0 0.0 0.0 0.0 1.0
191770000000 0.0 0.0 0.0 0.0 0.0 0.0 1.0
191970000000 0.0 0.0 0.0 0.0 0.0 0.0 1.0
192170000000 0.0 0.0 0.0 0.0 0.0 0.0 1.0
192370000000 0.0 0.0 0.0 0.0 0.0 0.0 1.0
192570000000 0.0 0.0 0.0 0.0 0.0 0.0 1.0
192770000000 0.0 0.0 0.0 0.0 0.0 0.0 1.0
192970000000 0.0 0.0 0.0 0.0 0.0 0.0 1.0
193170000000 0.0 0.0 0.0 0.0 0.0 0.0 1.0
193370000000 0.0 0.0 0.0 0.0 0.0 0.0 1.0
193570000000 0.0 0.0 0.0 0.0 0.0 0.0 1.0
193770000000 0.0 0.0 0.0 0.0 0.0 0.0 1.0
193970000000 0.0 0.0 0.0 0.0 0.0 0.0 1.0
194170000000 0.0 0.0 0.0 0.0 0.0 0.0 1.0
194370000000 0.0 0.0 0.0 0.0 0.0 0.0 1.0
194570000000 0.0 0.0 0.0 0.0 0.0 0.0 1.0
194770000000 0.0 0.0 0.0 0.0 0.0 0.0 1.0
194970000000 0.0 0.0 0.0 0.0 0.0 0.0 1.0
195170000000 0.0 0.0 0.0 0.0 0.0 0.0 1.0
195370000000 0.0 0.0 0.0 0.0 0.0 0.0 1.0
195570000000 0.0 0.0 0.0 0.0 0.0 0.0 1.0
195770000000 0.0 0.0 0.0 0.0 0.0 0.0 1.0
195970000000 0.0 0.0 0.0 0.0 0.0 0.0 1.0
196170000000 0.0 0.0 0.0 0.0 0.0 0.0 1.0
196370000000 0.0 0.0 0.0 0.0 0.0 0.0 1.0
196570000000 0.0 0.0 0.0 0.0 0.0 0.0 1.0
196770000000 0.0 0.0 0.0 0.0 0.0 0.0 1.0
196970000000 0.0 0.0 0.0 0.0 0.0 0.0 1.0
197170000000 0.0 0.0 0.0 0.0 0.0 0.0 1.0
197370000000 0.0 0.0 0.0 0.0 0.0 0.0 1.0
197570000000 0.0 0.0 0.0 0.0 0.0 0.0 1.0
197770000000 0.0 0.0 0.0 0.0 0.0 0.0 1.0
197970000000 0.0 0.0 0.0 0.0 0.0 0.0 1.0
198170000000 0.0 0.0 0.0 0.0 0.0 0.0 1.0
198370000000 0.0 0.0 0.0 0.0 0.0 0.0 1.0
198570000000 0.0 0.0 0.0 0.0 0.0 0.0 1.0
198770000000 0.0 0.0 0.0 0.0 0.0 0.0 1.0
198970000000 0.0 0.0 0.0 0.0 0.0 0.0 1.0
199170000000 0.0 0.0 0.0 0.0 0.0 0.0 1.0
199370000000 0.0 0.0 0.0 0.0 0.0 0.0 1.0
199570000000 0.0 0.0 0.0 0.0 0.0 0.0 1.0
199770000000 0.0 0.0 0.0 0.0 0.0 0.0 1.0
199970000000 0.0 0.0 0.0 0.0 0.0 0.0 1.0
200170000000 0.0 0.0 0.0 0.0 0.0 0.0 1.0
200370000000 0.0 0.0 0.0 0.0 0.0 0.0 1.0
200570000000 0.0 0.0 0.0 0.0 0.0 0.0 1.0
200770000000 0.0 0.0 0.0 0.0 0.0 0.0 1.0
200970000000 0.0 0.0 0.0 0.0 0.0 0.0 1.0
201170000000 0.0 0.0 0.0 0.0 0.0 0.0 1.0
201370000000 0.0 0.0 0.0 0.0 0.0 0.0 1.0
201570000000 0.0 0.0 0.0 0.0 0.0 0.0 1.0
201770000000 0.0 0.0 0.0 0.0 0.0 0.0 1.0
201970000000 0.0 0.0 0.0 0.0 0.0 0.0 1.0
202170000000 0.0 0.0 0.0 0.0 0.0 0.0 1.0
202370000000 0.0 0.0 0.0 0.0 0.0 0.0 1.0
202570000000 0.0 0.0 0.0 0.0 0.0 0.0 1.0
202770000000 0.0 0.0 0.0 0.0 0.0 0.0 1.0
202970000000 0.0 0.0 0.0 0.0 0.0 0.0 1.0
203170000000 0.0 0.0 0.0 0.0 0.0 0.0 1.0
203370000000 0.0 0.0 0.0 0.0 0.0 0.0 1.0
203570000000 0.0 0.0 0.0 0.0 0.0 0.0 1.0
203770000000 0.0 0.0 0.0 0.0 0.0 0.0 1.0
203970000000 0.0 0.0 0.0 0.0 0.0 0.0 1.0
204170000000 0.0 0.0 0.0 0.0 0.0 0.0 1.0
204370000000 0.0 0.0 0.0 0.0 0.0 0.0 1.0
204570000000 0.0 0.0 0.0 0.0 0.0 0.0 1.0
204770000000 0.0 0.0 0.0 0.0 0.0 0.0 1.0
204970000000 0.0 0.0 0.0 0.0 0.0 0.0 1.0
205170000000 0.0 0.0 0.0 0.0 0.0 0.0 1.0
205370000000 0.0 0.0 0.0 0.0 0.0 0.0 1.0
205570000000 0.0 0.0 0.0 0.0 0.0 0.0 1.0
205770000000 0.0 0.0 0.0 0.0 0.0 0.0 1.0
205970000000 0.0 0.0 0.0 0.0 0.0 0.0 1.0
206170000000 0.0 0.0 0.0 0.0 0.0 0.0 1.0
206370000000 0.0 0.0 0.0 0.0 0.0 0.0 1.0
206570000000 0.0 0.0 0.0 0.0 0.0 0.0 1.0
206770000000 0.0 0.0 0.0 0.0 0.0 0.0 1.0
206970000000 0.0 0.0 0.0 0.0 0.0 0.0 1.0
207170000000 0.0 0.0 0.0 0.0 0.0 0.0 1.0
207370000000 0.0 0.0 0.0 0.0 0.0 0.0 1.0
207570000000 0.0 0.0 0.0 0.0 0.0 0.0 1.0
207770000000 0.0 0.0 0.0 0.0 0.0 0.0 1.0
207970000000 0.0 0.0 0.0 0.0 0.0 0.0 1.0
208170000000 0.0 0.0 0.0 0.0 0.0 0.0 1.0
208370000000 0.0 0.0 0.0 0.0 0.0 0.0 1.0
208570000000 0.0 0.0 0.0 0.0 0.0 0.0 1.0
208770000000 0.0 0.0 0.0 0.0 0.0 0.0 1.0
208970000000 0.0 0.0 0.0 0.0 0.0 0.0 1.0
209170000000 0.0 0.0 0.0 0.0 0.0 0.0 1.0
209370000000 0.0 0.0 0.0 0.0 0.0 0.0 1.0
209570000000 0.0 0.0 0.0 0.0 0.0 0.0 1.0
209770000000 0.0 0.0 0.0 0.0 0.0 0.0 1.0
209970000000 0.0 0.0 0.0 0.0 0.0 0.0 1.0
210170000000 0.0 0.0 0.0 0.0 0.0 0.0 1.0
210370000000 0.0 0.0 0.0 0.0 0.0 0.0 1.0
210570000000 0.0 0.0 0.0 0.0 0.0 0.0 1.0
210770000000 0.0 0.0 0.0 0.0 0.0 0.0 1.0
210970000000 0.0 0.0 0.0 0.0 0.0 0.0 1.0
211170000000 0.0 0.0 0.0 0.0 0.0 0.0 1.0
211370000000 0.0 0.0 0.0 0.0 0.0 0.0 1.0
211570000000 0.0 0.0 0.0 0.0 0.0 0.0 1.0
211770000000 0.0 0.0 0.0 0.0 0.0 0.0 1.0
211970000000 0.0 0.0 0.0 0.0 0.0 0.0 1.0
212170000000 0.0 0.0 0.0 0.0 0.0 0.0 1.0
212370000000 0.0 0.0 0.0 0.0 0.0 0.0 1.0
212570000000 0.0 0.0 0.0 0.0 0.0 0.0 1.0
212770000000 0.0 0.0 0.0 0.0 0.0 0.0 1.0
212970000000 0.0 0.0 0.0 0.0 0.0 0.0 1.0
213170000000 0.0 0.0 0.0 0.0 0.0 0.0 1.0
213370000000 0.0 0.0 0.0 0.0 0.0 0.0 1.0
213570000000 0.0 0.0 0.0 0.0 0.0 0.0 1.0
213770000000 0.0 0.0 0.0 0.0 0.0 0.0 1.0
213970000000 0.0 0.0 0.0 0.0 0.0 0.0 1.0
214170000000 0.0 0.0 0.0 0.0 0.0 0.0 1.0
214370000000 0.0 0.0 0.0 0.0 0.0 0.0 1.0
214570000000 0.0 0.0 0.0 0.0 0.0 0.0 1.0
214770000000 0.0 0.0 0.0 0.0 0.0 0.0 1.0
214970000000 0.0 0.0 0.0 0.0 0.0 0.0 1.0
215170000000 0.0 0.0 0.0 0.0 0.0 0.0 1.0
215370000000 0.0 0.0 0.0 0.0 0.0 0.0 1.0
215570000000 0.0 0.0 0.0 0.0 0.0 0.0 1.0
215770000000 0.0 0.0 0.0 0.0 0.0 0.0 1.0
215970000000 0.0 0.0 0.0 0.0 0.0 0.0 1.0
216170000000 0.0 0.0 0.0 0.0 0.0 0.0 1.0
216370000000 0.0 0.0 0.0 0.0 0.0 0.0 1.0
216570000000 0.0 0.0 0.0 0.0 0.0 0.0 1.0
216770000000 0.0 0.0 0.0 0.0 0.0 0.0 1.0
216970000000 0.0 0.0 0.0 0.0 0.0 0.0 1.0
217170000000 0.0 0.0 0.0 0.0 0.0 0.0 1.0
217370000000 0.0 0.0 0.0 0.0 0.0 0.0 1.0
217570000000 0.0 0.0 0.0 0.0 0.0 0.0 1.0
217770000000 0.0 0.0 0.0 0.0 0.0 0.0 1.0
217970000000 0.0 0.0 0.0 0.0 0.0 0.0 1.0
218170000000 0.0 0.0 0.0 0.0 0.0 0.0 1.0
218370000000 0.0 0.0 0.0 0.0 0.0 0.0 1.0
218570000000 0.0 0.0 0.0 0.0 0.0 0.0 1.0
218770000000 0.0 0.0 0.0 0.0 0.0 0.0 1.0
218970000000 0.0 0.0 0.0 0.0 0.0 0.0 1.0
219170000000 0.0 0.0 0.0 0.0 0.0 0.0 1.0
219370000000 0.0 0.0 0.0 0.0 0.0 0.0 1.0
219570000000 0.0 0.0 0.0 0.0 0.0 0.0 1.0
219770000000 0.0 0.0 0.0 0.0 0.0 0.0 1.0
219970000000 0.0 0.0 0.0 0.0 0.0 0.0 1.0
220170000000 0.0 0.0 0.0 0.0 0.0 0.0 1.0
220370000000 0.0 0.0 0.0 0.0 0.0 0.0 1.0
220570000000 0.0 0.0 0.0 0.0 0.0 0.0 1.0
220770000000 0.0 0.0 0.0 0.0 0.0 0.0 1.0
220970000000 0.0 0.0 0.0 0.0 0.0 0.0 1.0
221170000000 0.0 0.0 0.0 0.0 0.0 0.0 1.0
221370000000 0.0 0.0 0.0 0.0 0.0 0.0 1.0
221570000000 0.0 0.0 0.0 0.0 0.0 0.0 1.0
221770000000 0.0 0.0 0.0 0.0 0.0 0.0 1.0
221970000000 0.0 0.0 0.0 0.0 0.0 0.0 1.0
222170000000 0.0 0.0 0.0 0.0 0.0 0.0 1.0
222370000000 0.0 0.0 0.0 0.0 0.0 0.0 1.0
222570000000 0.0 0.0 0.0 0.0 0.0 0.0 1.0
222770000000 0.0 0.0 0.0 0.0 0.0 0.0 1.0
222970000000 0.0 0.0 0.0 0.0 0.0 0.0 1.0
223170000000 0.0 0.0 0.0 0.0 0.0 0.0 1.0
223370000000 0.0 0.0 0.0 0.0 0.0 0.0 1.0
223570000000 0.0 0.0 0.0 0.0 0.0 0.0 1.0
223770000000 0.0 0.0 0.0 0.0 0.0 0.0 1.0
223970000000 0.0 0.0 0.0 0.0 0.0 0.0 1.0
224170000000 0.0 0.0 0.0 0.0 0.0 0.0 1.0
224370000000 0.0 0.0 0.0 0.0 0.0 0.0 1.0
224570000000 0.0 0.0 0.0 0.0 0.0 0.0 1.0
224770000000 0.0 0.0 0.0 0.0 0.0 0.0 1.0
224970000000 0.0 0.0 0.0 0.0 0.0 0.0 1.0
225170000000 0.0 0.0 0.0 0.0 0.0 0.0 1.0
225370000000 0.0 0.0 0.0 0.0 0.0 0.0 1.0
225570000000 0.0 0.0 0.0 0.0 0.0 0.0 1.0
225770000000 0.0 0.0 0.0 0.0 0.0 0.0 1.0
225970000000 0.0 0.0 0.0 0.0 0.0 0.0 1.0
226170000000 0.0 0.0 0.0 0.0 0.0 0.0 1.0
226370000000 0.0 0.0 0.0 0.0 0.0 0.0 1.0
226570000000 0.0 0.0 0.0 0.0 0.0 0.0 1.0
226770000000 0.0 0.0 0.0 0.0 0.0 0.0 1.0
226970000000 0.0 0.0 0.0 0.0 0.0 0.0 1.0
227170000000 0.0 0.0 0.0 0.0 0.0 0.0 1.0
227370000000 0.0 0.0 0.0 0.0 0.0 0.0 1.0
227570000000 0.0 0.0 0.0 0.0 0.0 0.0 1.0
227770000000 0.0 0.0 0.0 0.0 0.0 0.0 1.0
227970000000 0.0 0.0 0.0 0.0 0.0 0.0 1.0
228170000000 0.0 0.0 0.0 0.0 0.0 0.0 1.0
228370000000 0.0 0.0 0.0 0.0 0.0 0.0 1.0
228570000000 0.0 0.0 0.0 0.0 0.0 0.0 1.0
228770000000 0.0 0.0 0.0 0.0 0.0 0.0 1.0
228970000000 0.0 0.0 0.0 0.0 0.0 0.0 1.0
229170000000 0.0 0.0 0.0 0.0 0.0 0.0 1.0
229370000000 0.0 0.0 0.0 0.0 0.0 0.0 1.0
229570000000 0.0 0.0 0.0 0.0 0.0 0.0 1.0
229770000000 0.0 0.0 0.0 0.0 0.0 0.0 1.0
229970000000 0.0 0.0 0.0 0.0 0.0 0.0 1.0
230170000000 0.0 0.0 0.0 0.0 0.0 0.0 1.0
230370000000 0.0 0.0 0.0 0.0 0.0 0.0 1.0
230570000000 0.0 0.0 0.0 0.0 0.0 0.0 1.0
230770000000 0.0 0.0 0.0 0.0 0.0 0.0 1.0
230970000000 0.0 0.0 0.0 0.0 0.0 0.0 1.0
231170000000 0.0 0.0 0.0 0.0 0.0 0.0 1.0
231370000000 0.0 0.0 0.0 0.0 0.0 0.0 1.0
231570000000 0.0 0.0 0.0 0.0 0.0 0.0 1.0
231770000000 0.0 0.0 0.0 0.0 0.0 0.0 1.0
231970000000 0.0 0.0 0.0 0.0 0.0 0.0 1.0
232170000000 0.0 0.0 0.0 0.0 0.0 0.0 1.0
232370000000 0.0 0.0 0.0 0.0 0.0 0.0 1.0
232570000000 0.0 0.0 0.0 0.0 0.0 0.0 1.0
232770000000 0.0 0.0 0.0 0.0 0.0 0.0 1.0
232970000000 0.0 0.0 0.0 0.0 0.0 0.0 1.0
233170000000 0.0 0.0 0.0 0.0 0.0 0.0 1.0
233370000000 0.0 0.0 0.0 0.0 0.0 0.0 1.0
233570000000 0.0 0.0 0.0 0.0 0.0 0.0 1.0
233770000000 0.0 0.0 0.0 0.0 0.0 0.0 1.0
233970000000 0.0 0.0 0.0 0.0 0.0 0.0 1.0
234170000000 0.0 0.0 0.0 0.0 0.0 0.0 1.0
234370000000 0.0 0.0 0.0 0.0 0.0 0.0 1.0
234570000000 0.0 0.0 0.0 0.0 0.0 0.0 1.0
234770000000 0.0 0.0 0.0 0.0 0.0 0.0 1.0
234970000000 0.0 0.0 0.0 0.0 0.0 0.0 1.0
235170000000 0.0 0.0 0.0 0.0 0.0 0.0 1.0
235370000000 0.0 0.0 0.0 0.0 0.0 0.0 1.0
235570000000 0.0 0.0 0.0 0.0 0.0 0.0 1.0
235770000000 0.0 0.0 0.0 0.0 0.0 0.0 1.0
235970000000 0.0 0.0 0.0 0.0 0.0 0.0 1.0
236170000000 0.0 0.0 0.0 0.0 0.0 0.0 1.0
236370000000 0.0 0.0 0.0 0.0 0.0 0.0 1.0
236570000000 0.0 0.0 0.0 0.0 0.0 0.0 1.0
236770000000 0.0 0.0 0.0 0.0 0.0 0.0 1.0
236970000000 0.0 0.0 0.0 0.0 0.0 0.0 1.0
237170000000 0.0 0.0 0.0 0.0 0.0 0.0 1.0
237370000000 0.0 0.0 0.0 0.0 0.0 0.0 1.0
237570000000 0.0 0.0 0.0 0.0 0.0 0.0 1.0
237770000000 0.0 0.0 0.0 0.0 0.0 0.0 1.0
237970000000 0.0 0.0 0.0 0.0 0.0 0.0 1.0
238170000000 0.0 0.0 0.0 0.0 0.0 0.0 1.0
238370000000 0.0 0.0 0.0 0.0 0.0 0.0 1.0
238570000000 0.0 0.0 0.0 0.0 0.0 0.0 1.0
238770000000 0.0 0.0 0.0 0.0 0.0 0.0 1.0
238970000000 0.0 0.0 0.0 0.0 0.0 0.0 1.0
239170000000 0.0 0.0 0.0 0.0 0.0 0.0 1.0
239370000000 0.0 0.0 0.0 0.0 0.0 0.0 1.0
239570000000 0.0 0.0 0.0 0.0 0.0 0.0 1.0
239770000000 0.0 0.0 0.0 0.0 0.0 0.0 1.0
239970000000 0.0 0.0 0.0 0.0 0.0 0.0 1.0
240170000000 0.0 0.0 0.0 0.0 0.0 0.0 1.0
240370000000 0.0 0.0 0.0 0.0 0.0 0.0 1.0
240570000000 0.0 0.0 0.0 0.0 0.0 0.0 1.0
240770000000 0.0 0.0 0.0 0.0 0.0 0.0 1.0
240970000000 0.0 0.0 0.0 0.0 0.0 0.0 1.0
241170000000 0.0 0.0 0.0 0.0 0.0 0.0 1.0
241370000000 0.0 0.0 0.0 0.0 0.0 0.0 1.0
241570000000 0.0 0.0 0.0 0.0 0.0 0.0 1.0
241770000000 0.0 0.0 0.0 0.0 0.0 0.0 1.0
241970000000 0.0 0.0 0.0 0.0 0.0 0.0 1.0
242170000000 0.0 0.0 0.0 0.0 0.0 0.0 1.0
242370000000 0.0 0.0 0.0 0.0 0.0 0.0 1.0
242570000000 0.0 0.0 0.0 0.0 0.0 0.0 1.0
242770000000 0.0 0.0 0.0 0.0 0.0 0.0 1.0
242970000000 0.0 0.0 0.0 0.0 0.0 0.0 1.0
243170000000 0.0 0.0 0.0 0.0 0.0 0.0 1.0
243370000000 0.0 0.0 0.0 0.0 0.0 0.0 1.0
243570000000 0.0 0.0 0.0 0.0 0.0 0.0 1.0
243770000000 0.0 0.0 0.0 0.0 0.0 0.0 1.0
243970000000 0.0 0.0 0.0 0.0 0.0 0.0 1.0
244170000000 0.0 0.0 0.0 0.0 0.0 0.0 1.0
244370000000 0.0 0.0 0.0 0.0 0.0 0.0 1.0
244570000000 0.0 0.0 0.0 0.0 0.0 0.0 1.0
244770000000 0.0 0.0 0.0 0.0 0.0 0.0 1.0
244970000000 0.0 0.0 0.0 0.0 0.0 0.0 1.0
245170000000 0.0 0.0 0.0 0.0 0.0 0.0 1.0
245370000000 0.0 0.0 0.0 0.0 0.0 0.0 1.0
245570000000 0.0 0.0 0.0 0.0 0.0 0.0 1.0
245770000000 0.0 0.0 0.0 0.0 0.0 0.0 1.0
245970000000 0.0 0.0 0.0 0.0 0.0 0.0 1.0
246170000000 0.0 0.0 0.0 0.0 0.0 0.0 1.0
246370000000 0.0 0.0 0.0 0.0 0.0 0.0 1.0
246570000000 0.0 0.0 0.0 0.0 0.0 0.0 1.0
246770000000 0.0 0.0 0.0 0.0 0.0 0.0 1.0
246970000000 0.0 0.0 0.0 0.0 0.0 0.0 1.0
247170000000 0.0 0.0 0.0 0.0 0.0 0.0 1.0
247370000000 0.0 0.0 0.0 0.0 0.0 0.0 1.0
247570000000 0.0 0.0 0.0 0.0 0.0 0.0 1.0
247770000000 0.0 0.0 0.0 0.0 0.0 0.0 1.0
247970000000 0.0 0.0 0.0 0.0 0.0 0.0 1.0
248170000000 0.0 0.0 0.0 0.0 0.0 0.0 1.0
248370000000 0.0 0.0 0.0 0.0 0.0 0.0 1.0
248570000000 0.0 0.0 0.0 0.0 0.0 0.0 1.0
248770000000 0.0 0.0 0.0 0.0 0.0 0.0 1.0
248970000000 0.0 0.0 0.0 0.0 0.0 0.0 1.0
249170000000 0.0 0.0 0.0 0.0 0.0 0.0 1.0
249370000000 0.0 0.0 0.0 0.0 0.0 0.0 1.0
249570000000 0.0 0.0 0.0 0.0 0.0 0.0 1.0
249770000000 0.0 0.0 0.0 0.0 0.0 0.0 1.0
249970000000 0.0 0.0 0.0 0.0 0.0 0.0 1.0
250170000000 0.0 0.0 0.0 0.0 0.0 0.0 1.0
250370000000 0.0 0.0 0.0 0.0 0.0 0.0 1.0
250570000000 0.0 0.0 0.0 0.0 0.0 0.0 1.0
250770000000 0.0 0.0 0.0 0.0 0.0 0.0 1.0
250970000000 0.0 0.0 0.0 0.0 0.0 0.0 1.0
251170000000 0.0 0.0 0.0 0.0 0.0 0.0 1.0
251370000000 0.0 0.0 0.0 0.0 0.0 0.0 1.0
251570000000 0.0 0.0 0.0 0.0 0.0 0.0 1.0
251770000000 0.0 0.0 0.0 0.0 0.0 0.0 1.0
251970000000 0.0 0.0 0.0 0.0 0.0 0.0 1.0
252170000000 0.0 0.0 0.0 0.0 0.0 0.0 1.0
252370000000 0.0 0.0 0.0 0.0 0.0 0.0 1.0
252570000000 0.0 0.0 0.0 0.0 0.0 0.0 1.0
252770000000 0.0 0.0 0.0 0.0 0.0 0.0 1.0
252970000000 0.0 0.0 0.0 0.0 0.0 0.0 1.0
253170000000 0.0 0.0 0.0 0.0 0.0 0.0 1.0
253370000000 0.0 0.0 0.0 0.0 0.0 0.0 1.0
253570000000 0.0 0.0 0.0 0.0 0.0 0.0 1.0
253770000000 0.0 0.0 0.0 0.0 0.0 0.0 1.0
253970000000 0.0 0.0 0.0 0.0 0.0 0.0 1.0
254170000000 0.0 0.0 0.0 0.0 0.0 0.0 1.0
254370000000 0.0 0.0 0.0 0.0 0.0 0.0 1.0
254570000000 0.0 0.0 0.0 0.0 0.0 0.0 1.0
254770000000 0.0 0.0 0.0 0.0 0.0 0.0 1.0
254970000000 0.0 0.0 0.0 0.0 0.0 0.0 1.0
255170000000 0.0 0.0 0.0 0.0 0.0 0.0 1.0
255370000000 0.0 0.0 0.0 0.0 0.0 0.0 1.0
255570000000 0.0 0.0 0.0 0.0 0.0 0.0 1.0
255770000000 0.0 0.0 0.0 0.0 0.0 0.0 1.0
255970000000 0.0 0.0 0.0 0.0 0.0 0.0 1.0
256170000000 0.0 0.0 0.0 0.0 0.0 0.0 1.0
256370000000 0.0 0.0 0.0 0.0 0.0 0.0 1.0
256570000000 0.0 0.0 0.0 0.0 0.0 0.0 1.0
256770000000 0.0 0.0 0.0 0.0 0.0 0.0 1.0
256970000000 0.0 0.0 0.0 0.0 0.0 0.0 1.0
257170000000 0.0 0.0 0.0 0.0 0.0 0.0 1.0
257370000000 0.0 0.0 0.0 0.0 0.0 0.0 1.0
257570000000 0.0 0.0 0.0 0.0 0.0 0.0 1.0
257770000000 0.0 0.0 0.0 0.0 0.0 0.0 1.0
257970000000 0.0 0.0 0.0 0.0 0.0 0.0 1.0
258170000000 0.0 0.0 0.0 0.0 0.0 0.0 1.0
258370000000 0.0 0.0 0.0 0.0 0.0 0.0 1.0
258570000000 0.0 0.0 0.0 0.0 0.0 0.0 1.0
258770000000 0.0 0.0 0.0 0.0 0.0 0.0 1.0
258970000000 0.0 0.0 0.0 0.0 0.0 0.0 1.0
259170000000 0.0 0.0 0.0 0.0 0.0 0.0 1.0
259370000000 0.0 0.0 0.0 0.0 0.0 0.0 1.0
259570000000 0.0 0.0 0.0 0.0 0.0 0.0 1.0
259770000000 0.0 0.0 0.0 0.0 0.0 0.0 1.0
259970000000 0.0 0.0 0.0 0.0 0.0 0.0 1.0
260170000000 0.0 0.0 0.0 0.0 0.0 0.0 1.0
260370000000 0.0 0.0 0.0 0.0 0.0 0.0 1.0
260570000000 0.0 0.0 0.0 0.0 0.0 0.0 1.0
260770000000 0.0 0.0 0.0 0.0 0.0 0.0 1.0
260970000000 0.0 0.0 0.0 0.0 0.0 0.0 1.0
261170000000 0.0 0.0 0.0 0.0 0.0 0.0 1.0
261370000000 0.0 0.0 0.0 0.0 0.0 0.0 1.0
261570000000 0.0 0.0 0.0 0.0 0.0 0.0 1.0
261770000000 0.0 0.0 0.0 0.0 0.0 0.0 1.0
261970000000 0.0 0.0 0.0 0.0 0.0 0.0 1.0
262170000000 0.0 0.0 0.0 0.0 0.0 0.0 1.0
262370000000 0.0 0.0 0.0 0.0 0.0 0.0 1.0
262570000000 0.0 0.0 0.0 0.0 0.0 0.0 1.0
262770000000 0.0 0.0 0.0 0.0 0.0 0.0 1.0
262970000000 0.0 0.0 0.0 0.0 0.0 0.0 1.0
263170000000 0.0 0.0 0.0 0.0 0.0 0.0 1.0
263370000000 0.0 0.0 0.0 0.0 0.0 0.0 1.0
263570000000 0.0 0.0 0.0 0.0 0.0 0.0 1.0
263770000000 0.0 0.0 0.0 0.0 0.0 0.0 1.0
263970000000 0.0 0.0 0.0 0.0 0.0 0.0 1.0
264170000000 0.0 0.0 0.0 0.0 0.0 0.0 1.0
264370000000 0.0 0.0 0.0 0.0 0.0 0.0 1.0
264570000000 0.0 0.0 0.0 0.0 0.0 0.0 1.0
264770000000 0.0 0.0 0.0 0.0 0.0 0.0 1.0
264970000000 0.0 0.0 0.0 0.0 0.0 0.0 1.0
265170000000 0.0 0.0 0.0 0.0 0.0 0.0 1.0
265370000000 0.0 0.0 0.0 0.0 0.0 0.0 1.0
265570000000 0.0 0.0 0.0 0.0 0.0 0.0 1.0
265770000000 0.0 0.0 0.0 0.0 0.0 0.0 1.0
265970000000 0.0 0.0 0.0 0.0 0.0 0.0 1.0
266170000000 0.0 0.0 0.0 0.0 0.0 0.0 1.0
266370000000 0.0 0.0 0.0 0.0 0.0 0.0 1.0
266570000000 0.0 0.0 0.0 0.0 0.0 0.0 1.0
266770000000 0.0 0.0 0.0 0.0 0.0 0.0 1.0
266970000000 0.0 0.0 0.0 0.0 0.0 0.0 1.0
267170000000 0.0 0.0 0.0 0.0 0.0 0.0 1.0
267370000000 0.0 0.0 0.0 0.0 0.0 0.0 1.0
267570000000 0.0 0.0 0.0 0.0 0.0 0.0 1.0
267770000000 0.0 0.0 0.0 0.0 0.0 0.0 1.0
267970000000 0.0 0.0 0.0 0.0 0.0 0.0 1.0
268170000000 0.0 0.0 0.0 0.0 0.0 0.0 1.0
268370000000 0.0 0.0 0.0 0.0 0.0 0.0 1.0
268570000000 0.0 0.0 0.0 0.0 0.0 0.0 1.0
268770000000 0.0 0.0 0.0 0.0 0.0 0.0 1.0
268970000000 0.0 0.0 0.0 0.0 0.0 0.0 1.0
269170000000 0.0 0.0 0.0 0.0 0.0 0.0 1.0
269370000000 0.0 0.0 0.0 0.0 0.0 0.0 1.0
269570000000 0.0 0.0 0.0 0.0 0.0 0.0 1.0
269770000000 0.0 0.0 0.0 0.0 0.0 0.0 1.0
269970000000 0.0 0.0 0.0 0.0 0.0 0.0 1.0
270170000000 0.0 0.0 0.0 0.0 0.0 0.0 1.0
270370000000 0.0 0.0 0.0 0.0 0.0 0.0 1.0
270570000000 0.0 0.0 0.0 0.0 0.0 0.0 1.0
270770000000 0.0 0.0 0.0 0.0 0.0 0.0 1.0
270970000000 0.0 0.0 0.0 0.0 0.0 0.0 1.0
271170000000 0.0 0.0 0.0 0.0 0.0 0.0 1.0
271370000000 0.0 0.0 0.0 0.0 0.0 0.0 1.0
271570000000 0.0 0.0 0.0 0.0 0.0 0.0 1.0
271770000000 0.0 0.0 0.0 0.0 0.0 0.0 1.0
271970000000 0.0 0.0 0.0 0.0 0.0 0.0 1.0
